FID	IID	PC1	PC2	PC3	PC4	PC5	PC6	PC7	PC8	PC9	PC10	age	sex	y
115030	115030	-0.5604756465522126	0.2568837091565295	-0.26514505669635297	-1.0525132793387364	0.67069596873393	-0.09514745084928676	-0.6567429253610755	-0.9042150256206392	0.2763155321357929	0.2603614907365583	88	1	0.5200120349194716
115031	115031	-0.23017748948327998	-0.24669187846237364	0.5431940592320893	-0.43715953318039874	-1.6505465434251096	-0.8959478227564988	-1.4120257926583089	0.22632494238106357	-0.15829402869994402	2.575449763723391	88	0	-0.7361889953746916
115032	115032	1.558708314149124	-0.3475425993977331	-0.4143399479188598	0.33117917295898186	-0.3497542392112684	-2.0707510705419643	-0.29976249664627214	0.7480811624938435	-2.5079178021972544	-1.1852888105872244	48	1	-1.4105279981439007
115033	115033	0.07050839142457599	-0.9516185672650157	-0.47624689461557823	-2.01421049792072	0.7564064385454837	0.15012013118814338	-0.8490611350167082	1.0610952532617417	-1.5652817650305326	0.10091985901285688	65	0	0.13597757078262268
115034	115034	0.12928773516094624	-0.04502772480892027	-0.7886028378502425	0.21198043337229178	-0.5388091599775925	-0.07921170925858825	-0.39703052032783664	-0.21284827864652758	-0.07767320061056478	-1.7799772879676157	58	0	-0.8026031770969865
115035	115035	1.7150649868832812	-0.7849044694570758	-0.594617267459511	1.2366750464165703	0.22729192167294204	-0.09736926751308098	-1.2175999877635977	-0.09363679391104561	0.20629404484309796	0.5898359229587585	62	0	0.5738749062787349
115036	115036	0.4609162059892024	-1.6679419365881367	1.6509074673366901	2.037574018240435	0.4922285700644312	0.21615254180123264	1.687589482945698	-0.08671413498192512	0.2768724588616145	1.096608471721405	62	1	-1.452303885713783
115037	115037	-1.2650612346065337	-0.38022652028776244	-0.054028125085440484	1.3011759922005868	0.26783501533168314	0.8824651643965872	-0.01600252720796886	1.4414617560550447	0.8215067804486179	1.4456622411011533	47	0	1.6108662438882462
115038	115038	-0.686852851893526	0.9189966090607662	0.11924523642758415	0.7567747637959615	0.6532576794713815	0.20559750448338665	1.074945077272386	1.125071892277994	-0.19415240932045666	-1.9251452518371206	63	1	1.414903087206527
115039	115039	-0.4456619700999581	-0.5753469626083918	0.2436874295990919	-1.72673039911433	-0.12270866097738005	-0.6164358428735283	-2.601699670257652	0.8344015677570393	1.2145887944825624	0.41276949719403017	77	1	-1.0095712862639696
115040	115040	1.2240817974394618	0.6079643222250333	1.2324758784853378	-0.6015067080067817	-0.41367651359212027	-0.734799251921281	-0.4531978299948375	-0.2873407998406927	-0.921516042869578	1.5933699513836517	58	0	1.4190781557715824
115041	115041	0.3598138270573638	-1.617882708289164	-0.51606383094478	-0.3520464565826168	-2.643148952028979	-0.131802793041181	-0.6754822915920711	0.37324143416640604	-1.2084427204430663	-0.4140158630423031	58	1	-1.4511624380471555
115042	115042	0.4007714505940521	-0.055561965524539424	-0.9925071503920374	0.7035239027568944	-0.09294101847947203	0.31001698657895177	-1.222926179365913	0.4032903312206958	-1.2289861775538142	-0.21215053208194942	74	0	-0.34404746643728285
115043	115043	0.11068271594511968	0.5194072039434623	1.6756969324031898	-0.10567133400377447	0.43028469635998706	-1.0396803527020415	1.546609154224095	-1.0416732942893223	0.7422970241865177	-0.036537222204741246	69	0	-0.08850686414169577
115044	115044	-0.5558411347540749	0.3011533621667144	-0.4411632169052855	-1.2586486280601716	0.5353988408681499	-0.18430886884238382	-1.4152819197694901	-1.7283045153207428	-0.08291994233922602	0.3650187514330357	44	1	0.9294281343996476
115045	115045	1.7869131368030782	0.10567619414894332	-0.7230659699398737	1.6844357080941148	-0.5552783513132518	0.9672672601679138	0.3183902604080251	0.6418300276516161	0.7898179218204991	0.6651598757459688	62	0	0.6127473987556752
115046	115046	0.49785047822923945	-0.6407060083053765	-1.236273118883293	0.9113912917959627	1.779502909775149	-0.10828009123448615	0.8464362855796922	-1.5293105311804223	-0.26770642155708474	1.3178208837114822	77	0	-1.5041739215186518
115047	115047	-1.9666171566296382	-0.8497043460335821	-1.2847157223177965	0.23743027249102577	0.28642441962882476	-0.6984206675943903	0.1781901884180231	0.00168368848420991	-0.5918921022128124	-0.09548759044499239	74	1	-0.7140922486246105
115048	115048	0.7013559015636854	-1.0241287906049132	-0.5739734792979869	1.2181086103258116	0.12631585845888565	-0.2759451684255396	-0.8752554774955156	0.25024782134833107	-0.36835257512650604	0.19627804547246885	64	0	-0.19579253183662243
115049	115049	-0.47279140772793404	0.11764659710012589	0.6179858171665283	-1.3387742872349728	1.272266779468519	1.11464854536198	0.9411658067241672	0.5638673903058835	-1.8526168242417294	2.4879978772214613	67	1	0.564337011632418
115050	115050	-1.0678237059868452	-0.9474746141848022	1.1098481389297183	0.6608202977898004	-0.7184662213192593	0.550043961214136	0.17058808184083793	0.18942623751481066	-1.1696152604141148	0.4310989281149912	48	0	1.257324989565913
115051	115051	-0.21797491465829505	-0.4905574437006684	0.707588353835588	-0.522912376313422	-0.4503386239247119	1.2366758000816054	-1.0634979063820431	-0.7328538062971249	-1.4420346463584501	0.18875310932983339	63	1	-0.6345928348030823
115052	115052	-1.0260044483072397	-0.25609219219824725	-0.36365729709525246	0.6837455218507125	2.3974524800497625	0.13909785716177106	-1.3880490476020613	0.9863658598954615	1.0543222719753484	-1.3422431252834488	50	1	0.424232788027996
115053	115053	-0.72889122929114	1.8438620052322074	0.059749937384600695	-0.06082195466007423	0.01112918722088795	0.4102750964904251	2.0867174344931474	1.7386337669062457	-0.5973300913628001	0.002856047622226594	55	1	0.18003118571947074
115054	115054	-0.6250392678492569	-0.6519499016954583	-0.7045964636800701	0.6329607130314507	1.6335684214083066	-0.5584569123481329	-0.6785031454184369	0.8811788089254428	0.7894598527901798	-0.22132615316688106	69	0	-0.2295949194246289
115055	115055	-1.6866933107424134	0.23538657228485685	-0.7172181615740099	1.3355176150593921	-1.4385066449145232	0.605370668930333	-1.8555716539180402	-1.9436509013239756	1.5164906016919582	-0.011045829809373776	49	1	-0.07320771179366117
115056	115056	0.8377870444945247	0.07796084956371077	0.88465049897692	0.007290090316898795	-0.19051680204290145	-0.5063335421892394	0.5332593627536523	1.3995761854029438	-0.19177480910994213	-0.5754176412711666	63	0	-0.682172428054132
115057	115057	0.15337311783651522	-0.9618566341301289	-1.0155925786035445	1.0175586369520921	0.3784239036368318	-1.4205655046957444	0.31023025606089555	-0.05605594618626797	0.28387890635235136	-0.6868156524427006	64	0	-0.084889299376333
115058	115058	-1.1381369370119476	-0.07130808612359868	1.9552939654924641	-1.188434035147979	0.30003854520579754	0.1279929656841258	-1.3538343357225981	0.5249142793192898	-1.7510675193960785	-0.7207736318201219	61	1	1.5824340210467664
115059	115059	1.2538149210699268	1.4445508584233488	-0.09031959396585158	-0.7216044404360153	-1.0056362595108368	1.9458512177314355	-1.94295641358195	0.6220332358710602	-0.8186697775198026	-0.21450451539977414	78	1	-2.407024830732582
115060	115060	0.42646422147681357	0.45150405307921465	0.21453882662921633	1.5192177113881782	0.019259274625370804	0.8009143395730616	-0.11630251715860554	-0.09668607320670514	0.05621484938283862	1.3681326480286267	50	0	-0.31194790005413164
115061	115061	-0.2950714829922712	0.04123292199293993	-0.7385277047395734	0.3773879730239295	-1.0774206531119819	1.1652533899462603	1.1393962917094222	-0.07526319764872628	0.2990869033361523	1.0490866265593277	66	1	-1.0820444470542057
115062	115062	0.8951256610450224	-0.4224968323396248	-0.5743886897632694	-2.0522228204337303	0.7127033252442824	0.35885572309315217	0.6361240351821484	1.0191570693308998	-0.759398117298882	-0.3599751179430565	59	0	0.8216438658399389
115063	115063	0.8781334875330422	-2.0532472215405155	-1.3170161323052418	-1.3640374520823755	1.084775089860646	-0.6085571783162244	-0.4929374241619775	0.7116019224862438	2.684858999226799	-1.6859164545387397	57	0	0.5554264705369117
115064	115064	0.8215810816374872	1.1313372134141755	-0.18292538837272732	-0.20078101558912123	-2.2249876964874127	-0.20224085511028372	-0.8341882315843776	0.9902622460442311	-0.4583901390923888	-0.8445834285359536	65	1	-2.322027416938862
115065	115065	0.688640254100091	-1.460640070924822	0.418982404924464	0.865779404334488	1.2356934623001432	-0.27324810681192524	0.27106675675054503	2.3829266952303274	0.0642435566300379	-0.45776053324050786	50	0	-0.07280288997615973
115066	115066	0.5539176535375888	0.7399475108773347	0.32430434416138	-0.10188325571522248	-1.241044496808491	-0.46869977978208716	0.15735334721615757	0.664415863694087	0.649791867153518	0.1036380042283041	47	0	2.596567487225065
115067	115067	-0.06191171057672168	1.9091035692174834	-0.7815364870547513	0.6241874720206528	0.454769268982633	0.7041672839297158	0.6297117466927278	0.20738115738530685	-0.026018634773995304	-0.6626072757008146	55	1	0.11351007466535375
115068	115068	-0.30596266373991676	-1.4438931609717993	-0.7886219708540018	0.9590053777878251	0.6599026381426082	-1.197363502365412	-0.39579795028889636	-2.2106331105756207	-0.643567387027114	2.00668069083189	78	1	1.2878906221163167
115069	115069	-0.3804710010123826	0.7017843353747109	-0.5021987183428609	1.6710548288629392	-0.1998898281014332	0.8663661321127735	0.8993540532030995	2.6917140032461155	1.045305663963305	-0.27226753441835105	61	1	0.27856510519949934
115070	115070	-0.6947069789205127	-0.26219748940246806	1.4960606698463506	0.056016733274961934	-0.6451139568597917	0.8641524862258932	-0.8308115273362484	-0.48267682179630794	1.6155453232072012	-1.2139444702395092	63	0	1.379768369971075
115071	115071	-0.20791727801959878	-1.5721441591454879	-1.137303620665745	-0.05198190618089897	0.16532102124205025	-1.1986223590687486	-0.33054470011996306	2.3747347150953937	-0.029693971049835396	-0.14126175728251325	58	0	-0.4890345654139768
115072	115072	-1.2653963515682645	-1.5146676537817514	-0.1790515943801984	-1.7532373591422694	0.43881870071445367	0.6394919979005338	0.7408145237259045	0.3746435680049877	0.5622673454030662	-1.0053775815934138	65	1	0.4059088374495593
115073	115073	2.1689559653385126	-1.6015361735745934	1.902361821678927	0.0993275940878275	0.8833028199487049	2.4302266523445084	0.9899716086271129	1.5384301988967937	-0.09741249850263016	0.1561557072753264	50	0	-0.08760765255421779
115074	115074	1.2079619983049905	-0.530906522170303	-0.1009748853288084	-0.5718500578955633	-2.0523369839019527	-0.5572154819416083	-1.9385047014533792	-0.10971032117623881	1.0164552177021617	0.23363361408986946	72	0	0.45376379990827903
115075	115075	-1.1231085832033496	-1.4617555849958999	-1.3598407038213938	-0.9740095828040912	-1.6363792680590246	0.8449042414080716	0.10719040701615293	0.5114707546981254	-1.156167394259853	0.3555876116283844	66	1	-2.254247232283045
115076	115076	-0.402884835299076	0.6879167729758275	-0.6647694352740623	-0.1799062310475403	1.4304023411881832	-0.7822018456194034	0.60877901173463	0.2139579796422618	2.320860223994476	-1.6218582591242146	52	0	-1.2775005909558914
115077	115077	-0.46665535362321875	2.1001089405256717	0.48545997890487813	1.0149431727436575	1.0466288471115466	1.1107114182028008	-1.4508243134906313	-0.18612069937349554	-0.6035312477883377	0.22071129097064884	61	0	-0.16494140446584066
115078	115078	0.7799651183363179	-1.2870304760351792	-0.37560287166977346	-1.9927484886885827	0.43528894890768205	0.2498247199265625	0.48062559987521725	-0.12039382462249357	-1.4588494144380924	0.31045008054164597	67	0	-0.4145817376242829
115079	115079	-0.08336906647182925	0.7877388474751779	-0.5618763635497831	-0.4272792872054286	0.7151784071110603	1.6519153916231646	-0.828174270396797	1.0128343358442544	-0.35091782719306963	-1.4211084475044877	66	0	0.9528809570773803
